00000000000000001011011111111100001010111
00100000000000110000111111111110001010111
00110000000000100010111111111110001000111
00000000000000000001011111111110001000111
00000000000000000011011111101110001010111
00110000000000000001011111111110001010111
00110000000000000010111111111110001010111
00110000000000000001111111111110001010111
00010000000000000011011111111110001010111
00110000000000110001111111111110001010111
00000000000000100011011011111110001010111
00000000000000000011011111111110001010111
00010000000000000011111111011110001010111
00110000000000000000111111111100001010111
00000000000000000001111111111110001010111
00110000000000000011111111111110001010111
00000000000000010000111111111110001010111
00110000000000010000111111111110001010111
00100000000000001001111111111110001010111
00000000000000000001111111111110001010011
00110000000000000000111111111110000000011
00010000000000000011111111111110001010111
00010000000000010010111111111110001010111
00110000000000000001111111111110001010111
00110000000000000011011111111110001010111
00010000000000100011111111111110001010111
00010000000000000000111111111110001010111
00010000000000000011111111111110001010111
00110000000000100010111111111110001000111
00010000000000101010111111111100001010111
00110000000000001011111111111110001010111
00110000000000000011111111111110001010111
00000000000000001010111111111110001010111
00010000000000001000111111111110001010111
00000000000000000010111111111110001010111
00000000000000001001111111111110001010111
00010000000000010011011111111110001010111
00010000000000100011111111111110001010111
00110000000000000011111111111110001010111
00000000000000000011111111111100001010111
00000000000000000010111111111110001010111
